3135
2863
3122
2532
3194
3171
3026
3088
3253
2992
3084
2805
2818
3063
2876
3228
3183
2645
3201
3383
3273
2904
2700
3492
2802
3032
3043
2894
2995
2775
2551
2827
3038
2879
3213
3097
3020
3025
3054
2882
3102
3000
3008
3140
2912
2656
2874
2825
2851
3323
2989
3366
2871
2965
3160
3074
3239
2645
3082
2967
3181
2958
2915
2996
3142
2826
3427
2734
3163
3249
2881
2795
2839
2881
3288
3062
2909
2907
3122
3030
3138
2943
3018
3307
2872
3233
3348
2753
2678
2786
2835
3272
2822
2963
3062
3339
2996
3108
3014
2848
2776
2827
3110
3026
2726
2919
2873
3141
3156
2766
2749
3256
2936
3279
2763
3048
3292
2913
3096
3436
3127
2911
2807
3082
2631
3135
2918
3188
3065
3393
2848
3021
2973
2646
3140
3266
3088
2854
3199
3176
3064
3156
2975
2874
2914
2553
3315
2890
2911
2937
2978
3223
2904
2928
3096
3324
3042
3160
2860
3021
3012
3098
3250
2835
2732
3071
3363
2782
2915
3123
3510
3174
2949
3249
2840
3002
2943
3064
3008
3031
3208
2811
3223
3200
3059
3093
3059
2742
2878
2764
2701
2942
2875
3048
2992
2723
3248
2511
3108
3289
2844
2940
3075
2972
3066
3005
2925
2964
2880
3239
3147
3022
2896
3070
2869
2879
2940
3704
3337
2988
3089
3191
2970
2809
3311
2720
3115
3059
2973
2884
2756
3165
2562
2989
2802
3391
3252
3075
2482
2917
3525
2923
3033
2996
3240
2928
3209
3180
2881
2967
3256
2956
3191
3112
3240
2949
3426
2748
2961
2766
2885
2737
3046
2901
3042
3253
3226
3117
2816
2661
3203
3141
2962
3232
2884
3251
3141
2941
3014
3237
2890
2999
3026
3120
3092
3289
2952
3395
3079
3036
3087
3376
3470
2963
2966
3222
2873
3113
2621
3016